rdof数据，每个的轴角向量(x, y, z)）
-0.095454 -0.246631 -0.236412 -1.569964 -0.016765 -0.287787 -0.221339 1.628513 -0.174890 0.447417 -0.052058 -0.194000 0.145610 0.877848 0.157066 0.160133 0.000000 -0.204012 0.038616 -0.358496 0.185128 0.167866 0.000000
-0.083264 -0.228326 -0.245726 -1.575804 -0.014700 -0.294423 -0.227096 1.632689 -0.179798 0.445072 -0.051414 -0.194901 0.146818 0.880281 0.155577 0.163034 0.000000 -0.206163 0.040295 -0.358719 0.185334 0.167815 0.000000
-0.072581 -0.212929 -0.259301 -1.584807 -0.011108 -0.300228 -0.235426 1.638994 -0.187310 0.437075 -0.053086 -0.196487 0.144652 0.882125 0.155468 0.167198 0.000000 -0.209313 0.040405 -0.358752 0.185042 0.167923 0.000000
-0.070521 -0.207321 -0.271008 -1.593753 -0.004092 -0.302451 -0.243828 1.642787 -0.193170 0.425097 -0.055113 -0.198011 0.141397 0.884663 0.155399 0.169806 0.000000 -0.213395 0.039282 -0.357865 0.184117 0.168355 0.000000
-0.071621 -0.212422 -0.278806 -1.600864 0.009151 -0.305379 -0.251499 1.644114 -0.196521 0.414019 -0.056986 -0.200541 0.139188 0.889707 0.153655 0.171031 0.000000 -0.218455 0.038594 -0.355457 0.182634 0.167176 0.000000
-0.071533 -0.226340 -0.280965 -1.605089 0.023989 -0.315740 -0.254277 1.644446 -0.199844 0.408121 -0.060656 -0.204686 0.137302 0.894048 0.150868 0.172128 0.000000 -0.223545 0.037729 -0.352026 0.180938 0.164354 0.000000
-0.083742 -0.243660 -0.281409 -1.607247 0.035716 -0.327982 -0.251685 1.645266 -0.205596 0.407824 -0.065466 -0.209749 0.135253 0.898420 0.147861 0.171462 0.000000 -0.229481 0.035563 -0.348185 0.178883 0.160803 0.000000
-0.113886 -0.258310 -0.283021 -1.609727 0.045431 -0.335030 -0.249321 1.647024 -0.213635 0.410903 -0.071334 -0.215569 0.131691 0.902061 0.145765 0.169365 0.000000 -0.236326 0.032624 -0.344240 0.177700 0.157489 0.000000
-0.147597 -0.263041 -0.284722 -1.611681 0.044049 -0.339362 -0.249431 1.649489 -0.223432 0.415966 -0.076624 -0.219738 0.127722 0.903348 0.145764 0.169210 0.000000 -0.242711 0.030860 -0.339753 0.178883 0.154812 0.000000
-0.172438 -0.258483 -0.281695 -1.612971 0.026459 -0.346213 -0.246657 1.651301 -0.232143 0.421666 -0.080653 -0.220906 0.125277 0.904705 0.147358 0.169319 0.000000 -0.247092 0.029203 -0.335794 0.182820 0.152700 0.000000
-0.186217 -0.249769 -0.273844 -1.613404 -0.001433 -0.354081 -0.241478 1.652079 -0.236876 0.426349 -0.083785 -0.220577 0.124439 0.906977 0.149501 0.167530 0.000000 -0.249562 0.028271 -0.332366 0.189323 0.152670 0.000000
-0.189119 -0.240703 -0.267653 -1.610507 -0.030455 -0.357131 -0.236855 1.650980 -0.236656 0.429426 -0.085709 -0.220069 0.125317 0.910708 0.151349 0.164210 0.000000 -0.253355 0.028552 -0.328863 0.195568 0.152972 0.000000
-0.183900 -0.234533 -0.264900 -1.605607 -0.053557 -0.353580 -0.232862 1.649345 -0.234774 0.429803 -0.086652 -0.219808 0.128551 0.916035 0.152175 0.160557 0.000000 -0.258444 0.030042 -0.325046 0.201493 0.153744 0.000000
-0.171611 -0.230762 -0.262647 -1.599567 -0.070918 -0.345171 -0.232699 1.647252 -0.234619 0.426899 -0.088422 -0.220499 0.133329 0.921835 0.152201 0.156897 0.000000 -0.263991 0.031434 -0.321405 0.207243 0.154343 0.000000
-0.159858 -0.226530 -0.261252 -1.592759 -0.085695 -0.335326 -0.236767 1.643282 -0.236610 0.422066 -0.092085 -0.223683 0.137602 0.928038 0.152161 0.154520 0.000000 -0.271479 0.032851 -0.317399 0.212164 0.154698 0.000000
-0.150628 -0.223628 -0.260125 -1.587407 -0.099153 -0.324095 -0.239933 1.640781 -0.241352 0.417103 -0.098341 -0.229879 0.140990 0.934111 0.151925 0.151693 0.000000 -0.280843 0.033796 -0.312829 0.216531 0.152880 0.000000
-0.139599 -0.221524 -0.259247 -1.584866 -0.111634 -0.311612 -0.245061 1.639426 -0.250580 0.411735 -0.105225 -0.235980 0.143043 0.940529 0.153627 0.148464 0.000000 -0.292852 0.034333 -0.307768 0.219997 0.149673 0.000000
-0.128013 -0.220387 -0.255464 -1.582972 -0.125761 -0.299424 -0.251847 1.638458 -0.262459 0.405580 -0.112603 -0.241772 0.144869 0.946324 0.156603 0.145106 0.000000 -0.303596 0.035240 -0.301994 0.226840 0.148267 0.000000
-0.116688 -0.218272 -0.252774 -1.581039 -0.140377 -0.291197 -0.259493 1.638824 -0.273316 0.398907 -0.119560 -0.247563 0.148151 0.950959 0.159488 0.140490 0.000000 -0.314544 0.036358 -0.295424 0.235958 0.149392 0.000000
-0.105986 -0.209562 -0.250097 -1.580741 -0.151423 -0.286911 -0.266481 1.640327 -0.280946 0.392244 -0.125552 -0.253840 0.152739 0.955684 0.162406 0.135139 0.000000 -0.328628 0.037657 -0.288373 0.245280 0.151233 0.000000
-0.094909 -0.197679 -0.250608 -1.582895 -0.156733 -0.284405 -0.277384 1.640782 -0.286479 0.384558 -0.133084 -0.263391 0.155503 0.961710 0.166582 0.130544 0.000000 -0.346624 0.038662 -0.281428 0.254880 0.152669 0.000000
-0.086033 -0.186395 -0.252978 -1.586646 -0.157508 -0.283108 -0.292782 1.640163 -0.291654 0.375910 -0.142950 -0.277524 0.157326 0.968015 0.170761 0.126095 0.000000 -0.366228 0.039543 -0.274153 0.266649 0.152977 0.000000
-0.078747 -0.173264 -0.255643 -1.592619 -0.155967 -0.282959 -0.308627 1.639700 -0.298144 0.366320 -0.153042 -0.294251 0.160707 0.974445 0.173921 0.119372 0.000000 -0.388151 0.039416 -0.265712 0.278351 0.152786 0.000000
-0.075233 -0.161033 -0.260696 -1.601775 -0.153725 -0.281185 -0.326743 1.639359 -0.307397 0.357451 -0.163574 -0.311839 0.162868 0.980364 0.179472 0.114152 0.000000 -0.413076 0.038326 -0.256061 0.288003 0.151876 0.000000
-0.072488 -0.153953 -0.268084 -1.611406 -0.151722 -0.275713 -0.347424 1.640913 -0.316775 0.353648 -0.172941 -0.327711 0.165384 0.986403 0.187640 0.110809 0.000000 -0.436904 0.037056 -0.245744 0.298328 0.150496 0.000000
-0.064580 -0.154122 -0.273525 -1.619236 -0.146878 -0.269209 -0.366345 1.643872 -0.316702 0.361564 -0.179968 -0.339876 0.170229 0.991728 0.198228 0.107950 0.000000 -0.457074 0.035219 -0.234739 0.310619 0.147630 0.000000
-0.053774 -0.151164 -0.279910 -1.622082 -0.137004 -0.266131 -0.385564 1.646982 -0.294339 0.388243 -0.182794 -0.348140 0.178614 0.995573 0.211261 0.105120 0.000000 -0.473382 0.035240 -0.224230 0.325534 0.145048 0.000000
-0.046067 -0.145185 -0.285285 -1.617722 -0.123595 -0.265318 -0.403428 1.646214 -0.242753 0.442164 -0.180873 -0.352919 0.190172 0.997934 0.228160 0.101512 0.000000 -0.487095 0.038513 -0.214044 0.341552 0.142523 0.000000
-0.047874 -0.136101 -0.289622 -1.606237 -0.110552 -0.268414 -0.411524 1.644517 -0.164661 0.529559 -0.175671 -0.353675 0.205544 0.999487 0.251169 0.097469 0.000000 -0.496679 0.043541 -0.201872 0.357091 0.137502 0.000000
-0.069553 -0.116366 -0.293886 -1.589170 -0.103491 -0.277027 -0.416194 1.637604 -0.069781 0.646141 -0.168464 -0.351201 0.223832 0.999864 0.283815 0.087675 0.000000 -0.499799 0.052784 -0.188036 0.372066 0.133928 0.000000
-0.107471 -0.091006 -0.301952 -1.569498 -0.105366 -0.294160 -0.429832 1.616812 0.023609 0.775135 -0.159572 -0.346908 0.247691 0.998099 0.326533 0.067967 0.000000 -0.495486 0.068210 -0.175890 0.386468 0.130597 0.000000
-0.126761 -0.070105 -0.304798 -1.551489 -0.100587 -0.317135 -0.449075 1.606734 0.096779 0.891518 -0.153456 -0.343515 0.281639 0.990089 0.377136 0.049346 0.000000 -0.483460 0.083114 -0.160595 0.400664 0.125827 0.000000
-0.116287 -0.060228 -0.298866 -1.530883 -0.090065 -0.349436 -0.481309 1.602204 0.141930 0.982311 -0.155785 -0.341607 0.319674 0.976836 0.442090 0.029044 0.000000 -0.464958 0.093080 -0.136467 0.416440 0.118040 0.000000
-0.093395 -0.039257 -0.294345 -1.515205 -0.081537 -0.388781 -0.508303 1.597837 0.163705 1.045785 -0.168779 -0.352761 0.361124 0.966409 0.515082 0.006736 0.000000 -0.454096 0.104540 -0.114187 0.425567 0.111356 0.000000
-0.066977 -0.014791 -0.294036 -1.503688 -0.083979 -0.429741 -0.516285 1.587598 0.160952 1.081666 -0.193913 -0.377023 0.404849 0.949388 0.594093 -0.022393 0.000000 -0.450229 0.113872 -0.091714 0.431463 0.107356 0.000000
-0.040217 0.003012 -0.286458 -1.500357 -0.102173 -0.463639 -0.502759 1.571984 0.147726 1.091552 -0.229693 -0.410941 0.442783 0.916172 0.679111 -0.067646 0.000000 -0.452386 0.119255 -0.067388 0.437169 0.103926 0.000000
-0.018109 0.012577 -0.267166 -1.499969 -0.139994 -0.481690 -0.472209 1.553638 0.131519 1.079189 -0.271390 -0.457501 0.469254 0.879314 0.756841 -0.124706 0.000000 -0.460835 0.123492 -0.045416 0.445220 0.097714 0.000000
-0.003155 0.014926 -0.235225 -1.499765 -0.195468 -0.477634 -0.435167 1.535274 0.112967 1.049496 -0.310955 -0.514323 0.486268 0.857795 0.808103 -0.170495 0.000000 -0.475290 0.128209 -0.033884 0.458734 0.090206 0.000000
0.005285 0.014211 -0.192870 -1.498963 -0.256560 -0.453141 -0.402611 1.518821 0.093955 1.007781 -0.344797 -0.572194 0.497225 0.855347 0.824852 -0.193065 0.000000 -0.491808 0.131088 -0.035282 0.484793 0.083250 0.000000
0.008024 0.014604 -0.133374 -1.492823 -0.315082 -0.414867 -0.370262 1.506137 0.074968 0.960167 -0.374842 -0.621082 0.500356 0.865811 0.812076 -0.191983 0.000000 -0.507345 0.125310 -0.041750 0.530310 0.084171 0.000000
0.006061 0.028832 -0.066936 -1.482167 -0.369725 -0.370679 -0.330841 1.500667 0.053364 0.912609 -0.394005 -0.657437 0.491492 0.887881 0.777619 -0.163502 0.000000 -0.527271 0.115414 -0.053137 0.595223 0.118479 0.000000
0.000320 0.052538 0.005562 -1.467485 -0.426279 -0.332101 -0.287981 1.495707 0.029869 0.871154 -0.396117 -0.674996 0.468621 0.909524 0.737837 -0.107588 0.000000 -0.553739 0.104432 -0.059567 0.687005 0.189044 0.000000
-0.006564 0.070431 0.082807 -1.451861 -0.485727 -0.303539 -0.236688 1.481630 0.008851 0.843373 -0.372795 -0.667652 0.433896 0.917558 0.712947 -0.053177 0.000000 -0.593849 0.103185 -0.049678 0.820252 0.256848 0.000000
-0.013177 0.092125 0.139988 -1.446310 -0.539518 -0.283679 -0.182281 1.464609 -0.006517 0.835367 -0.320624 -0.642485 0.396145 0.914244 0.706531 -0.025969 0.000000 -0.664488 0.124115 -0.024325 1.006399 0.310352 0.000000
-0.017528 0.137405 0.168316 -1.452123 -0.577407 -0.273770 -0.138173 1.449473 -0.016543 0.841751 -0.254324 -0.616276 0.370521 0.906837 0.701923 -0.025150 0.000000 -0.779914 0.160922 -0.011156 1.224770 0.341475 0.000000
-0.019279 0.196944 0.164364 -1.450977 -0.594570 -0.288074 -0.117567 1.439683 -0.017302 0.848826 -0.194670 -0.583219 0.360238 0.890449 0.697846 -0.043464 0.000000 -0.935220 0.190687 -0.047686 1.408622 0.349504 0.000000
-0.018099 0.258347 0.152368 -1.437470 -0.585791 -0.326526 -0.105383 1.426115 -0.007404 0.847712 -0.152917 -0.540132 0.360182 0.872356 0.694052 -0.066764 0.000000 -1.116674 0.199439 -0.106666 1.519573 0.350000 0.000000
-0.013946 0.318616 0.150039 -1.422252 -0.555283 -0.372524 -0.094493 1.404591 0.007344 0.839923 -0.126328 -0.485250 0.359404 0.861240 0.698439 -0.087743 0.000000 -1.304043 0.200000 -0.167195 1.549219 0.350000 0.000000
-0.002494 0.387283 0.140137 -1.409109 -0.517569 -0.413829 -0.082564 1.383479 0.016184 0.830916 -0.104242 -0.423948 0.360461 0.854110 0.703506 -0.091294 0.000000 -1.477823 0.199517 -0.231454 1.495843 0.349888 0.000000
0.017814 0.464870 0.116156 -1.391675 -0.485590 -0.437502 -0.072428 1.369195 0.011464 0.823768 -0.071362 -0.358695 0.364631 0.838952 0.706529 -0.073819 0.000000 -1.617344 0.191264 -0.307826 1.358936 0.348382 0.000000
0.044949 0.551976 0.073357 -1.369962 -0.458776 -0.437519 -0.068303 1.361046 -0.012196 0.816225 -0.027345 -0.305376 0.364219 0.820146 0.705432 -0.051411 0.000000 -1.713028 0.154619 -0.427405 1.144252 0.345287 0.000000
0.072402 0.646426 -0.000148 -1.350946 -0.421057 -0.427148 -0.060354 1.354755 -0.055061 0.800108 0.020291 -0.273288 0.361242 0.802761 0.694389 -0.028129 0.000000 -1.767780 0.088080 -0.602254 0.884257 0.335041 0.000000
0.088717 0.725877 -0.066247 -1.335290 -0.374183 -0.424043 -0.036899 1.351091 -0.099079 0.767512 0.056573 -0.245690 0.355822 0.780430 0.682251 0.002196 0.000000 -1.793373 0.033735 -0.798377 0.645761 0.288759 0.000000
0.092988 0.779068 -0.108623 -1.324959 -0.329897 -0.437069 -0.009193 1.351896 -0.130130 0.716503 0.073499 -0.217938 0.350791 0.758698 0.670590 0.028661 0.000000 -1.799618 0.020694 -0.933484 0.474860 0.216116 0.000000
0.080526 0.807761 -0.139094 -1.323234 -0.296327 -0.462904 0.002593 1.357724 -0.142479 0.653496 0.073404 -0.201862 0.341954 0.756935 0.655312 0.043972 0.000000 -1.800000 0.039924 -0.988388 0.377890 0.154116 0.000000
0.054928 0.802118 -0.155418 -1.329498 -0.275457 -0.492936 -0.018857 1.364950 -0.138178 0.597632 0.059571 -0.198810 0.328945 0.777955 0.637808 0.053744 0.000000 -1.800000 0.062637 -0.999379 0.349138 0.106629 0.000000
0.028505 0.756588 -0.154790 -1.339154 -0.261545 -0.518627 -0.048965 1.371936 -0.126034 0.562355 0.035187 -0.204488 0.317714 0.812080 0.621534 0.060411 0.000000 -1.800000 0.076405 -1.000000 0.384943 0.055924 0.000000
0.018651 0.682885 -0.143445 -1.347823 -0.247381 -0.532699 -0.079922 1.381485 -0.111795 0.552301 -0.000585 -0.221721 0.314717 0.853428 0.605113 0.059873 0.000000 -1.800000 0.084468 -0.998655 0.484198 -0.008467 0.000000
0.017043 0.583944 -0.114989 -1.352479 -0.239531 -0.536831 -0.108027 1.393990 -0.097465 0.565884 -0.041823 -0.246558 0.318370 0.896306 0.591531 0.048195 0.000000 -1.800000 0.088590 -0.976906 0.646821 -0.090116 0.000000
0.023070 0.471286 -0.082668 -1.353303 -0.244618 -0.535319 -0.146877 1.409799 -0.080306 0.597574 -0.082598 -0.276799 0.329905 0.933464 0.577166 0.023945 0.000000 -1.800000 0.092311 -0.892676 0.865364 -0.176280 0.000000
0.030839 0.370146 -0.051585 -1.357494 -0.255633 -0.520464 -0.182258 1.423757 -0.062953 0.640103 -0.113546 -0.309921 0.341025 0.957260 0.565341 0.000950 0.000000 -1.800000 0.099117 -0.747651 1.110158 -0.232137 0.000000
0.041222 0.295609 -0.033790 -1.368046 -0.266044 -0.488069 -0.208577 1.433584 -0.047563 0.688175 -0.123034 -0.350577 0.344078 0.965448 0.556645 -0.014902 0.000000 -1.799658 0.116610 -0.573736 1.346941 -0.232801 0.000000
0.057497 0.244846 -0.028175 -1.380874 -0.274341 -0.437895 -0.225992 1.439090 -0.035008 0.736374 -0.110068 -0.399796 0.335680 0.961627 0.551491 -0.023509 0.000000 -1.793395 0.149337 -0.398438 1.558301 -0.174681 0.000000
0.074606 0.208610 -0.028419 -1.393716 -0.284580 -0.379844 -0.232094 1.441833 -0.024554 0.780516 -0.082250 -0.449193 0.318190 0.951556 0.551621 -0.017818 0.000000 -1.759879 0.184561 -0.249708 1.725513 -0.072118 0.000000
0.081529 0.176722 -0.024068 -1.411123 -0.296972 -0.331353 -0.233206 1.443578 -0.017541 0.819993 -0.051645 -0.489526 0.301085 0.936816 0.554883 0.004716 0.000000 -1.673947 0.197845 -0.134424 1.829514 0.042556 0.000000
0.073287 0.142540 -0.011807 -1.427967 -0.306896 -0.302303 -0.229785 1.447428 -0.013842 0.852588 -0.031959 -0.520360 0.290039 0.918739 0.559003 0.034615 0.000000 -1.534060 0.193360 -0.038403 1.862001 0.141426 0.000000
0.051606 0.101838 0.006909 -1.437949 -0.305359 -0.293215 -0.214917 1.453044 -0.015195 0.875255 -0.027644 -0.543014 0.286917 0.896450 0.565519 0.062749 0.000000 -1.354774 0.174408 0.040204 1.824959 0.214950 0.000000
0.021570 0.061454 0.020781 -1.443166 -0.293022 -0.299837 -0.194776 1.460962 -0.018943 0.887991 -0.035517 -0.566088 0.295156 0.876446 0.571544 0.077517 0.000000 -1.166589 0.153623 0.095041 1.727282 0.265356 0.000000
-0.011844 0.020452 0.027516 -1.445244 -0.280536 -0.313824 -0.174672 1.471719 -0.022606 0.892800 -0.052793 -0.592753 0.314639 0.862040 0.578994 0.083547 0.000000 -0.986217 0.135130 0.131840 1.582273 0.306042 0.000000
-0.046700 -0.021325 0.029242 -1.450785 -0.274000 -0.323454 -0.160682 1.483358 -0.022353 0.891060 -0.079373 -0.624248 0.341493 0.853566 0.593149 0.086672 0.000000 -0.824582 0.121321 0.142470 1.405756 0.338423 0.000000
-0.084888 -0.051366 0.014452 -1.456881 -0.278562 -0.329547 -0.152215 1.497482 -0.013212 0.881120 -0.113807 -0.664496 0.375985 0.847249 0.613195 0.077927 0.000000 -0.700755 0.117700 0.112777 1.223584 0.340961 0.000000
-0.124291 -0.066551 -0.010069 -1.462241 -0.299426 -0.334865 -0.152273 1.515418 0.007620 0.866177 -0.150974 -0.708721 0.418574 0.833287 0.638362 0.054228 0.000000 -0.624629 0.105409 0.059052 1.070886 0.306711 0.000000
-0.160764 -0.073103 -0.041521 -1.469943 -0.333893 -0.337284 -0.165157 1.534129 0.038462 0.847534 -0.182123 -0.752919 0.467269 0.810833 0.665801 0.024146 0.000000 -0.583068 0.093768 -0.007093 0.955852 0.236625 0.000000
-0.188469 -0.069592 -0.085319 -1.484165 -0.372573 -0.333862 -0.188128 1.548869 0.073029 0.820815 -0.204457 -0.797635 0.515481 0.792704 0.692810 -0.008298 0.000000 -0.565165 0.091489 -0.063747 0.876310 0.153641 0.000000
-0.205424 -0.056093 -0.131347 -1.502969 -0.400818 -0.329897 -0.213964 1.555407 0.102418 0.786729 -0.219090 -0.836864 0.559319 0.779932 0.718296 -0.027017 0.000000 -0.558246 0.095548 -0.099631 0.820468 0.087927 0.000000
-0.211586 -0.042246 -0.169530 -1.522265 -0.400613 -0.330073 -0.235700 1.557205 0.119968 0.749650 -0.230717 -0.865054 0.593568 0.771239 0.746184 -0.032391 0.000000 -0.550906 0.104467 -0.122421 0.775366 0.055136 0.000000
-0.209662 -0.036160 -0.202119 -1.534505 -0.372219 -0.332938 -0.237200 1.561276 0.124834 0.716942 -0.240326 -0.880820 0.619997 0.758065 0.775870 -0.032608 0.000000 -0.536196 0.114784 -0.138066 0.732931 0.058287 0.000000
-0.201051 -0.030571 -0.225709 -1.542306 -0.331069 -0.344555 -0.227114 1.568416 0.120467 0.690340 -0.249743 -0.886877 0.640226 0.736072 0.805163 -0.032822 0.000000 -0.513732 0.126643 -0.150768 0.690137 0.088491 0.000000
-0.189800 -0.028181 -0.232488 -1.547882 -0.299559 -0.374746 -0.210337 1.572106 0.111420 0.667024 -0.262297 -0.886563 0.653492 0.707688 0.834509 -0.039568 0.000000 -0.488143 0.137681 -0.155637 0.647124 0.125903 0.000000
-0.180517 -0.031284 -0.226532 -1.552771 -0.288285 -0.415117 -0.193733 1.570825 0.106175 0.648524 -0.278175 -0.880184 0.660137 0.674559 0.863973 -0.046559 0.000000 -0.463915 0.146012 -0.149204 0.605513 0.157479 0.000000
-0.178549 -0.038683 -0.214992 -1.557792 -0.294176 -0.451209 -0.177691 1.564662 0.109032 0.632462 -0.294719 -0.867911 0.661585 0.641164 0.891189 -0.051008 0.000000 -0.443039 0.152240 -0.134300 0.568060 0.179202 0.000000
-0.186617 -0.047154 -0.209408 -1.561822 -0.301198 -0.474745 -0.170804 1.555998 0.115389 0.613417 -0.309757 -0.850576 0.659741 0.611917 0.912891 -0.053582 0.000000 -0.426233 0.156005 -0.116104 0.537022 0.192104 0.000000
-0.205229 -0.062371 -0.209909 -1.563087 -0.301228 -0.485179 -0.169677 1.551045 0.118259 0.592788 -0.321000 -0.828513 0.656082 0.589123 0.926923 -0.057039 0.000000 -0.413898 0.156760 -0.099964 0.513913 0.197472 0.000000
-0.234946 -0.082364 -0.209285 -1.561280 -0.292342 -0.483246 -0.169648 1.546313 0.109447 0.575715 -0.326063 -0.801176 0.649630 0.578170 0.932257 -0.060673 0.000000 -0.409383 0.154574 -0.089186 0.497928 0.191478 0.000000
-0.271720 -0.107772 -0.210984 -1.558715 -0.278683 -0.472494 -0.172999 1.545919 0.083685 0.562854 -0.323936 -0.767416 0.638740 0.584684 0.926853 -0.062972 0.000000 -0.410477 0.148165 -0.085467 0.490770 0.180069 0.000000
-0.306020 -0.132995 -0.214088 -1.556411 -0.272921 -0.454917 -0.174956 1.552765 0.039107 0.553828 -0.312344 -0.726862 0.622505 0.611608 0.907808 -0.063810 0.000000 -0.415779 0.138205 -0.090013 0.492421 0.168530 0.000000
-0.322039 -0.148733 -0.214792 -1.560229 -0.278331 -0.429540 -0.175858 1.567263 -0.020109 0.547035 -0.290648 -0.678864 0.600042 0.657591 0.874565 -0.057575 0.000000 -0.424436 0.125297 -0.100307 0.503603 0.156122 0.000000
-0.311077 -0.155447 -0.216076 -1.564772 -0.298983 -0.400083 -0.174403 1.586403 -0.086894 0.541358 -0.262086 -0.625276 0.570884 0.717653 0.828504 -0.040393 0.000000 -0.434348 0.109254 -0.111435 0.525983 0.143984 0.000000
-0.275743 -0.161645 -0.215064 -1.568166 -0.332846 -0.373262 -0.170719 1.607181 -0.152142 0.537351 -0.231030 -0.572623 0.536279 0.785583 0.772820 -0.027657 0.000000 -0.445129 0.090387 -0.118206 0.559469 0.130065 0.000000
-0.236228 -0.166001 -0.214369 -1.572875 -0.360743 -0.351199 -0.170702 1.625139 -0.207090 0.532494 -0.198215 -0.529182 0.499811 0.848746 0.711990 -0.036442 0.000000 -0.461772 0.073531 -0.122030 0.599461 0.112810 0.000000
-0.210377 -0.170097 -0.212865 -1.571993 -0.375470 -0.331876 -0.169214 1.642693 -0.252686 0.523327 -0.169912 -0.498384 0.461750 0.893827 0.653296 -0.056331 0.000000 -0.485022 0.061284 -0.120941 0.643707 0.102164 0.000000
-0.214749 -0.167117 -0.218939 -1.566621 -0.380559 -0.310608 -0.173746 1.662829 -0.290676 0.507487 -0.149464 -0.480972 0.424403 0.916887 0.596509 -0.068667 0.000000 -0.513484 0.055271 -0.111011 0.691906 0.106506 0.000000
-0.228955 -0.162214 -0.232007 -1.559700 -0.373876 -0.289142 -0.181075 1.684918 -0.318453 0.486149 -0.131411 -0.470181 0.386156 0.926137 0.541900 -0.067507 0.000000 -0.544388 0.055861 -0.087783 0.746067 0.125190 0.000000
-0.230221 -0.159886 -0.249646 -1.556253 -0.351081 -0.275902 -0.188819 1.700882 -0.332038 0.465465 -0.108644 -0.457728 0.346326 0.928602 0.488476 -0.046180 0.000000 -0.578720 0.059109 -0.043092 0.804568 0.148338 0.000000
-0.208064 -0.159798 -0.254078 -1.558047 -0.311304 -0.277072 -0.188375 1.701317 -0.331123 0.452521 -0.084654 -0.442170 0.301955 0.929475 0.438448 -0.007457 0.000000 -0.612605 0.064848 0.012721 0.865008 0.166153 0.000000
-0.194125 -0.156140 -0.253187 -1.555489 -0.255510 -0.292984 -0.185474 1.692798 -0.324875 0.451542 -0.063579 -0.425697 0.256774 0.925685 0.391229 0.034062 0.000000 -0.640035 0.073601 0.054791 0.919837 0.169464 0.000000
-0.204490 -0.152195 -0.254373 -1.547004 -0.183499 -0.314080 -0.179244 1.680271 -0.318080 0.466520 -0.043915 -0.407804 0.218259 0.913581 0.344916 0.074927 0.000000 -0.665870 0.077721 0.079981 0.951853 0.151164 0.000000
-0.234571 -0.150039 -0.261153 -1.534045 -0.103835 -0.333378 -0.177759 1.666953 -0.309544 0.491678 -0.027594 -0.390692 0.188006 0.899226 0.300125 0.110292 0.000000 -0.687654 0.074494 0.085376 0.954114 0.122438 0.000000
-0.265376 -0.145931 -0.269114 -1.518386 -0.033184 -0.348274 -0.173654 1.662276 -0.302202 0.517309 -0.015054 -0.372833 0.165730 0.883179 0.260306 0.134865 0.000000 -0.696754 0.066012 0.067187 0.930141 0.098377 0.000000
-0.289890 -0.136135 -0.279718 -1.502557 0.016606 -0.357811 -0.175965 1.662413 -0.299679 0.536009 -0.006524 -0.355238 0.151946 0.864883 0.225062 0.150152 0.000000 -0.694226 0.052851 0.032753 0.882026 0.083516 0.000000
-0.300264 -0.132253 -0.287872 -1.493681 0.036770 -0.359550 -0.177415 1.664153 -0.298988 0.544924 -0.001364 -0.337714 0.144297 0.845809 0.195808 0.155442 0.000000 -0.679744 0.039812 -0.015279 0.819030 0.078652 0.000000
-0.297482 -0.131861 -0.295689 -1.491548 0.023469 -0.356125 -0.177429 1.668183 -0.297809 0.542175 -0.001280 -0.323632 0.138806 0.830051 0.172913 0.154434 0.000000 -0.655747 0.033224 -0.077362 0.748901 0.080158 0.000000
-0.288042 -0.128427 -0.304593 -1.494438 -0.021730 -0.349616 -0.181900 1.673221 -0.295192 0.527695 -0.006813 -0.314372 0.134125 0.823918 0.155209 0.153562 0.000000 -0.623626 0.032380 -0.146927 0.678143 0.086837 0.000000
-0.263716 -0.125971 -0.310840 -1.503080 -0.090187 -0.344281 -0.186967 1.676958 -0.284292 0.505427 -0.017734 -0.304994 0.128397 0.825658 0.144373 0.154610 0.000000 -0.581588 0.028822 -0.208612 0.613313 0.100294 0.000000
-0.229284 -0.124917 -0.312242 -1.515731 -0.165717 -0.343604 -0.194665 1.675722 -0.262309 0.478946 -0.030489 -0.296420 0.122715 0.829446 0.136277 0.154962 0.000000 -0.535123 0.023401 -0.258076 0.551769 0.122982 0.000000
-0.187115 -0.124267 -0.304037 -1.531776 -0.229153 -0.345328 -0.196658 1.669359 -0.235326 0.453787 -0.039947 -0.284083 0.116375 0.836970 0.132309 0.157136 0.000000 -0.489370 0.018415 -0.292994 0.491863 0.147121 0.000000
-0.144440 -0.121176 -0.289782 -1.548886 -0.266214 -0.348665 -0.202743 1.658864 -0.214504 0.436245 -0.046354 -0.269257 0.109047 0.847444 0.130795 0.159906 0.000000 -0.445925 0.014876 -0.314144 0.435172 0.160179 0.000000
-0.109641 -0.127712 -0.267232 -1.559733 -0.271637 -0.353454 -0.204582 1.647458 -0.203698 0.433152 -0.051334 -0.254889 0.102450 0.855800 0.128956 0.161385 0.000000 -0.405206 0.011971 -0.325169 0.380913 0.165797 0.000000
-0.087617 -0.138818 -0.244177 -1.564667 -0.245619 -0.354293 -0.200576 1.641783 -0.199864 0.444297 -0.055318 -0.242603 0.097132 0.859664 0.126314 0.162894 0.000000 -0.366776 0.011569 -0.333361 0.330529 0.170972 0.000000
-0.074080 -0.144200 -0.224780 -1.569095 -0.198497 -0.346502 -0.197219 1.640812 -0.200561 0.463958 -0.056529 -0.232063 0.091854 0.864028 0.124520 0.164584 0.000000 -0.333156 0.015326 -0.343032 0.285140 0.177042 0.000000
-0.056172 -0.148708 -0.206090 -1.573882 -0.148634 -0.332680 -0.196956 1.641375 -0.205092 0.483356 -0.055385 -0.221860 0.086936 0.869424 0.124326 0.165318 0.000000 -0.303789 0.019553 -0.351105 0.245833 0.185046 0.000000
-0.042149 -0.152814 -0.192094 -1.580011 -0.117061 -0.317147 -0.198196 1.645657 -0.211866 0.498020 -0.052135 -0.211798 0.084154 0.874715 0.124694 0.164138 0.000000 -0.277676 0.023128 -0.355497 0.213730 0.193036 0.000000
-0.043672 -0.156206 -0.186772 -1.583587 -0.118459 -0.302320 -0.197409 1.651618 -0.218139 0.507038 -0.046880 -0.202414 0.083756 0.880550 0.125230 0.163726 0.000000 -0.255742 0.026267 -0.357431 0.188578 0.198153 0.000000
-0.051118 -0.160723 -0.184098 -1.582022 -0.139348 -0.290202 -0.197990 1.654596 -0.221135 0.509881 -0.041062 -0.194164 0.083970 0.886520 0.126693 0.164603 0.000000 -0.238048 0.027671 -0.359287 0.170621 0.198723 0.000000
-0.052855 -0.163561 -0.180652 -1.576294 -0.160230 -0.281903 -0.196462 1.655126 -0.216146 0.506912 -0.035408 -0.187587 0.083188 0.892304 0.129296 0.166647 0.000000 -0.224281 0.027780 -0.361847 0.159963 0.197087 0.000000
-0.051359 -0.163414 -0.181938 -1.572218 -0.169547 -0.274414 -0.195520 1.654616 -0.204040 0.500830 -0.028941 -0.182665 0.082210 0.897815 0.131836 0.168132 0.000000 -0.215497 0.027828 -0.364365 0.154400 0.195123 0.000000
-0.047122 -0.162128 -0.185582 -1.568394 -0.167432 -0.267669 -0.193473 1.653749 -0.189751 0.493024 -0.022318 -0.179264 0.081664 0.902697 0.133327 0.167168 0.000000 -0.209924 0.028282 -0.366609 0.152986 0.193708 0.000000
-0.039842 -0.165659 -0.191103 -1.564165 -0.157777 -0.263485 -0.193087 1.649309 -0.175190 0.482191 -0.016166 -0.175199 0.080698 0.906299 0.135792 0.168501 0.000000 -0.206650 0.028520 -0.368272 0.153475 0.191561 0.000000
-0.034607 -0.168515 -0.198751 -1.561862 -0.148309 -0.261055 -0.193793 1.646626 -0.164910 0.472654 -0.012086 -0.172416 0.079879 0.907814 0.137807 0.172108 0.000000 -0.205736 0.029075 -0.368551 0.153922 0.188632 0.000000
